0.021739130434782594
0.021739130434782594
0.021739130434782594
0.021739130434782594
0.021739130434782594
0.021739130434782594
0.021739130434782594
0.021739130434782594
0.021739130434782594
0.021739130434782594
0.021739130434782594
0.021739130434782594
0.021739130434782594,0.06521739130434778
0.021739130434782594
0.021739130434782594
0.021739130434782594
0.021739130434782594
0.021739130434782594,0.04347826086956519
0.021739130434782594,0.06521739130434778
0.021739130434782594
0.021739130434782594
0.021739130434782594
0.021739130434782594,0.06521739130434778
0.021739130434782594
0.021739130434782594
0.021739130434782594
0.021739130434782594
0.021739130434782594,0.04347826086956519
0.021739130434782594
0.021739130434782594
0.021739130434782594
0.021739130434782594,0.04347826086956519
0.021739130434782594
0.021739130434782594
0.021739130434782594,0.08695652173913049
0.021739130434782594
0.021739130434782594
0.021739130434782594,0.06521739130434778
0.021739130434782594
0.021739130434782594
0.021739130434782594
0.021739130434782594
0.021739130434782594
0.021739130434782594
0.021739130434782594
0.021739130434782594,0.06521739130434778,0.08695652173913049

