0.4187367514544918
0.4047413722454106
0.4282101613336514
0.4199887610701229
0.4114832643138288
0.3965060228130667
0.39747263688969703
0.40210636843116293
0.423609926945776
0.4048384227082186
0.40531324949332104
0.4095204353820618
0.42086236877514954,0.44049523002348784
0.47717482864549116
0.4004595893563751
0.39983139376742594
0.40004257824371037
0.41651768659850613,0.41564895829238724
0.4119535459810912,0.4346390812734595
0.39197962819089865
0.4002014407606319
0.40018799873389904
0.40543677344525364,0.43241283275702735
0.3961863563071209
0.42871527812674914
0.4172329449558229
0.39432851372560956
0.41537866886192004,0.44599329598387455
0.3981717768449002
0.41045146840986
0.39979845120107294
0.41395423340600146,0.40483064974474897
0.4362711367016629
0.41443837132289907
0.4463014684035546,0.4886693932162378
0.3981688010244005
0.44223248030329926
0.42701828463574104,0.44452007407517197
0.410855314491672
0.4004680673390656
0.3924065513879425
0.4311763424561878
0.39477463308036426
0.40649103000055026
0.4007181783627506
0.43661904990454403,0.5197239172205204,0.3869628698118049

