300.05710874778396
289.16581585392265
305.52915191117046
299.35179284395826
292.3404735968041
284.046060023494
284.41610064012076
285.6109662916437
300.47836209906615
285.88218856782345
289.317499714983
296.6688277019631
294.44690999292817,285.1394195700054
330.5836372803987
286.79642437782087
285.7271560075247
285.83027225692456
292.44698428828923,282.39993127921156
294.279909215498,281.3395520012445
281.60127134506405
285.9885322911839
285.96531524182694
292.1112399724599,280.087995232423
283.9929059254136
301.70180427374356
295.762255600189
283.1661498082838
292.6019324933277,299.8515719780199
285.0627981356098
290.4966914174301
285.91104947274016
289.6578548077225,274.2330295790935
310.3789869465971
299.5072537127508
308.99836035499504,300.7019989943843
285.06046606791426
314.0202644208716
304.50721941004156,281.9453608512961
291.6877021394324
285.5656229707396
280.5314019631597
304.5707062968203
282.7009210341621
289.7091295900339
286.128464847262
304.0734149494814,318.4234465448374,227.08216210809934

