0.9278189062712638
0.9280223808397713
0.9256029239453705
0.9274645350952715
0.9015656373840528
0.9290428911279983
0.9289224845298887
0.9283687675633541
0.9280495819083961
0.9273551359552084
0.9284442440921487
0.9276356676648072
0.9273309264567597,0.9257307830127315
0.8965638963942327
0.9288043465614724
0.9282553687737374
0.9275226156137671
0.927672390943061,0.9237751301748103
0.9274684299058052,0.9234393698504882
0.8991399836780892
0.9290643955611333
0.9290865151620852
0.9275819947846918,0.9262904811269664
0.9290576343824551
0.9273492099637617
0.927733530951752
0.9268955495514123
0.9270015592392247,0.9251363317013604
0.9290649275425918
0.9285298912676857
0.9290449611098441
0.9281747589740714,0.9266785787548338
0.900599120336464
0.902084892157192
0.9217186027771416,0.9004907734561305
0.9290150894589863
0.8997632286600191
0.9268310998832502,0.9014014113837769
0.903491231890379
0.9281407663206956
0.9035090011624723
0.927096377992847
0.9285923269871605
0.9280913298651848
0.9249793044186996
0.8925770899330602,0.8503284996048265,0.7860236748798488

