0.9834880406475397
0.9837037236901575
0.981139099382093
0.9831124072009877
0.9556595756270962
0.9847854645956784
0.9846578336016821
0.9840708936171553
0.9837325568228997
0.9829964441125207
0.9841508987376776
0.9832938077246955
0.9829707820441655,0.9812746299934952
0.9503577301778869
0.9845326073551607
0.9839506909001616
0.9831739725505931
0.9833327343996447,0.979201637985299
0.9831165357001534,0.9788457320415176
0.9530883826987745
0.9848082592948012
0.9848317060718105
0.9832369144717734,0.9818679099945842
0.9848010924454024
0.9829901625615874
0.9833975428088573
0.9825092825244969
0.9826216527935787,0.9806445116034419
0.9848088231951474
0.9842416847437468
0.9847876587764347
0.9838652445125157,0.9822792934801239
0.9546350675566518
0.9562099856866235
0.9770217189437702,0.9545202198634982
0.9847559948265256
0.9537490223796203
0.9824409658762454,0.9554854960668036
0.9577007058038017
0.9838292122999374
0.9577195412322208
0.9827221606724178
0.9843078666063904
0.9837768096570958
0.9804780626838218
0.9461317153290437,0.9013482095811162,0.8331850953726402

