0.0
0.0
0.0
0.0
0.0
0.0
0.0
0.0
0.0
0.0
0.0,0.024390243902439046,0.07317073170731703,0.09756097560975607
0.09756097560975607
0.09756097560975607
0.09756097560975607
0.09756097560975607
0.09756097560975607
0.09756097560975607
0.09756097560975607
0.09756097560975607,0.12195121951219512,0.2195121951219512,0.24390243902439024,0.29268292682926833
0.29268292682926833
0.29268292682926833
0.29268292682926833
0.29268292682926833,0.31707317073170727
0.31707317073170727
0.31707317073170727,0.3414634146341463,0.41463414634146345,0.46341463414634143

