0.23997394952873508
0.24621434842934267
0.2526170256877271
0.259186201268961
0.26592620487613516
0.27284147880403753
0.27993658086704293
0.2872161874031405
0.29468509635607937
0.3023482304376633
0.3102106403722797,0.3643064319260417,0.37624077597552535,0.3665031752120961
0.3734968785287325
0.38067244949631185
0.3880346174893819
0.39558823486743844
0.40333828017308543
0.4112898614133621
0.4194482194263982
0.4278187313356188,0.5052996036878038,0.5331688805806926,0.5869532945552656,0.5927674400145335
0.6005709831484788
0.6085774534005114
0.6167921277857705
0.6252204205454543,0.5764047579470252
0.5831485422408181
0.5900676951701462,0.649097325842961,0.6375130619769037,0.5252938737682683

