8.753509956973527
8.753509956973527
8.753509956973527
8.753509956973527
8.753509956973527
8.753509956973527
8.753509956973527
8.753509956973527
8.753509956973527
8.753509956973527
8.753509956973527,9.39120925766029,6.836301383919405,6.774583764605554
6.774583764605554
6.774583764605554
6.774583764605554
6.774583764605554
6.774583764605554
6.774583764605554
6.774583764605554
6.774583764605554,7.247749884544878,8.616305613930306,9.025408383230134,8.355128768066452
8.35512876806645
8.35512876806645
8.35512876806645
8.35512876806645,6.303256216138639
6.303256216138637
6.303256216138637,6.492129470977963,5.676963819809442,2.1184161264887265

