0.9279690949171566
0.9279690949171566
0.9279690949171566
0.9279690949171566
0.9279690949171566
0.9279690949171566
0.9279690949171566
0.9279690949171566
0.9279690949171566
0.9279690949171566
0.9279690949171566,0.9242117882178467,0.9010872923758343,0.8997043327047258
0.8997043327047258
0.8997043327047258
0.8997043327047258
0.8997043327047258
0.8997043327047258
0.8997043327047258
0.8997043327047258
0.8997043327047258,0.8979839661505927,0.7378912660776423,0.7260340149661093,0.6579059733409115
0.6579059733409115
0.6579059733409115
0.6579059733409115
0.6579059733409115,0.5780069104689124
0.5780069104689124
0.5780069104689124,0.5754628824755061,0.5093060475610192,0.37462227115453284

