0.0
0.0
0.0
0.0
0.0
0.0
0.0
0.0
0.0
0.0
0.0,0.0,0.15856236786469335,0.15856236786469335
0.15856236786469335
0.15856236786469335
0.15856236786469335
0.15856236786469335
0.15856236786469335
0.15856236786469335
0.15856236786469335
0.15856236786469335,0.15856236786469335,0.23995771670190258,0.23995771670190258,0.3324524312896404
0.3324524312896404
0.3324524312896404
0.3324524312896404
0.3324524312896404,0.41120507399577155
0.41120507399577155
0.41120507399577155,0.41120507399577155,0.4799154334038054,0.6812896405919662

