0.9819433072387719
0.9819433072387719
0.9819433072387719
0.9819433072387719
0.9819433072387719
0.9819433072387719
0.9819433072387719
0.9819433072387719
0.9819433072387719
0.9819433072387719
0.9819433072387719,0.9779981352044963,0.9537174145703834,0.9522653069157195
0.9522653069157195
0.9522653069157195
0.9522653069157195
0.9522653069157195
0.9522653069157195
0.9522653069157195
0.9522653069157195
0.9522653069157195,0.9504589220338802,0.7793312839269788,0.7668811702598695,0.6938315750382601
0.6938315750382601
0.6938315750382601
0.6938315750382601
0.6938315750382601,0.609937559022661
0.609937559022661
0.609937559022661,0.6072663296295846,0.5378016529693732,0.39638368774256255

