0.43235618187492364
0.4314300173511302
0.4323557438982899
0.4323525397789227
0.43235254646385735
0.4323525464542325
0.4323525464542332
0.432352546454233
0.4323525464542329
0.43235254645423343
0.4323525464542321
0.4323525464542325
0.4323525464542326
0.43235254645423243
0.4323525464542321
0.4323525464542324
0.4323525464542329
0.4323525464542325
0.4323525464542334
0.4323525464542326
0.4323525464542322
0.4323525464542329
0.43235254645423205
0.43235254645423243
0.43235254645423266
0.43235254645423227
0.4323525464542325
0.4323525464542328
0.43235254645423243
0.43235254645423277
0.4323525464542326
0.4323525464542324
0.4323525464542326
0.43235254645423316
0.4323525464542332
0.4323525464542319
0.43235254645423266
0.4323525464542326
0.43235254645423227
0.43235254645423266
0.43235254645423354
0.4323525464542326
0.43235254645423177
0.4323525464542322
0.4323525464542326
0.4323525464542334

