307.7522003464659
307.324579587188
307.8178697444471
307.8163061450718
307.816309491885
307.81630948716827
307.8163094871687
307.81630948716867
307.81630948716855
307.8163094871691
307.8163094871682
307.81630948716827
307.81630948716844
307.81630948716827
307.816309487168
307.8163094871683
307.8163094871687
307.8163094871684
307.81630948716884
307.8163094871683
307.8163094871681
307.81630948716867
307.8163094871681
307.8163094871684
307.8163094871685
307.816309487168
307.8163094871684
307.81630948716855
307.8163094871682
307.81630948716844
307.8163094871685
307.8163094871684
307.81630948716844
307.8163094871688
307.81630948716895
307.81630948716787
307.8163094871684
307.8163094871683
307.8163094871681
307.81630948716855
307.8163094871691
307.8163094871683
307.81630948716787
307.8163094871681
307.8163094871684
307.8163094871691

