0.021739130434782594
0.021739130434782594
0.021739130434782594
0.021739130434782594
0.021739130434782594
0.021739130434782594
0.021739130434782594
0.021739130434782594
0.021739130434782594
0.021739130434782594
0.021739130434782594
0.021739130434782594
0.021739130434782594
0.021739130434782594
0.021739130434782594
0.021739130434782594
0.021739130434782594
0.021739130434782594
0.021739130434782594
0.021739130434782594
0.021739130434782594
0.021739130434782594
0.021739130434782594
0.021739130434782594
0.021739130434782594
0.021739130434782594
0.021739130434782594
0.021739130434782594
0.021739130434782594
0.021739130434782594
0.021739130434782594
0.021739130434782594
0.021739130434782594
0.021739130434782594
0.021739130434782594
0.021739130434782594
0.021739130434782594
0.021739130434782594
0.021739130434782594
0.021739130434782594
0.021739130434782594
0.021739130434782594
0.021739130434782594
0.021739130434782594
0.021739130434782594
0.021739130434782594

