0.9661805922598069
0.9662353686160128
0.9661859542863738
0.9661861397616116
0.9661861393802755
0.9661861393808289
0.9661861393808285
0.9661861393808286
0.9661861393808285
0.9661861393808286
0.9661861393808283
0.9661861393808286
0.9661861393808289
0.9661861393808283
0.9661861393808281
0.9661861393808283
0.9661861393808286
0.9661861393808286
0.9661861393808286
0.9661861393808283
0.9661861393808283
0.9661861393808285
0.9661861393808281
0.9661861393808286
0.9661861393808283
0.9661861393808283
0.9661861393808283
0.9661861393808285
0.9661861393808286
0.9661861393808283
0.9661861393808285
0.9661861393808286
0.9661861393808283
0.9661861393808289
0.9661861393808286
0.9661861393808283
0.9661861393808285
0.9661861393808281
0.9661861393808283
0.9661861393808285
0.9661861393808285
0.9661861393808283
0.9661861393808283
0.9661861393808286
0.9661861393808286
0.9661861393808292

