1.0241514277953956
1.024209490732974
1.0241571115435566
1.0241573081473088
1.0241573077430923
1.0241573077436787
1.0241573077436785
1.0241573077436785
1.0241573077436785
1.0241573077436787
1.0241573077436783
1.0241573077436787
1.0241573077436787
1.024157307743678
1.0241573077436779
1.0241573077436785
1.0241573077436787
1.0241573077436785
1.0241573077436787
1.0241573077436785
1.024157307743678
1.0241573077436785
1.024157307743678
1.0241573077436787
1.0241573077436783
1.0241573077436779
1.0241573077436783
1.0241573077436785
1.0241573077436785
1.0241573077436787
1.0241573077436783
1.0241573077436783
1.0241573077436783
1.0241573077436787
1.0241573077436787
1.0241573077436783
1.0241573077436787
1.0241573077436779
1.024157307743678
1.0241573077436787
1.0241573077436785
1.024157307743678
1.024157307743678
1.0241573077436785
1.0241573077436787
1.0241573077436792

